b = -0.7685 +/- 0.0033 
k0 = 1344.2 +/- 3.0
B = -27.4 +/- 2.5

d = (3.26+/-0.16)e-06 m
g = (3.07+/-0.15)e+05 lines/m

λ_1 = H-γ = (434.3472846023669 +/- 3.0733409540674463) nm
λ_2 = (464.2372825310136 +/- 3.157610670907946) nm
λ_3 = H-β = (486.6889959895920 +/- 3.2198983548178406) nm
λ_4 = H-α = (656.4439990799677 +/- 3.731656391641866) nm

Rf_1 = (3.287+/-0.023)e+15 Hz
Rf_2 = (3.285+/-0.022)e+15 Hz
Rf_3 = (3.288+/-0.019)e+15 Hz
mean_Rf = (3.287+/-0.021)e+15 Hz

f_limit = (8.216798+/-0.051791)e+14 Hz
λ_limit = (364.853+/-2.300) nm

E_i = (13.5928+/-0.0857) eV (=(2.177803+/-0.013727)e-18 J)